--- Page 1 ---
[55.0, 70.2, 99.4] Dear
[72.1, 107.5, 99.4] Beachland
[109.5, 153.0, 99.4] Consrtuction
[155.0, 168.6, 99.4] And
[170.5, 214.5, 99.4] Development
[216.4, 227.7, 99.4] Co.
[229.6, 240.1, 99.4] Plc
[55.0, 64.7, 116.4] 2/4
[66.7, 95.9, 116.4] MOSLEY
[97.8, 109.9, 116.4] RD.
[111.8, 130.5, 116.4] IKOYI
[132.4, 160.4, 116.4] LAGOS,,
[55.0, 76.4, 157.4] Please
[78.3, 89.6, 157.4] find
[91.6, 109.9, 157.4] below
[111.8, 125.4, 157.4] your
[127.4, 142.5, 157.4] bank
[144.5, 175.2, 157.4] statement
[177.2, 185.3, 157.4] for
[187.3, 197.0, 157.4] the
[199.0, 220.4, 157.4] period:
[222.3, 263.2, 157.4] 01-Dec-2025
[265.1, 273.7, 157.4] To
[275.6, 316.5, 157.4] 31-Dec-2025
[55.0, 80.3, 202.4] Account
[82.2, 93.1, 202.4] No:
[133.8, 172.7, 202.4] 2021109056
[358.8, 384.4, 202.4] Pending
[386.4, 404.7, 202.4] Debit:
[521.7, 540.0, 202.4] (0.00)
[55.0, 80.3, 219.4] Account
[82.2, 102.9, 219.4] Name:
[133.8, 176.5, 219.4] BEACHLAND
[178.5, 234.9, 219.4] CONSRTUCTION
[236.8, 251.6, 219.4] AND
[358.8, 387.1, 219.4] Available
[389.1, 416.3, 219.4] Balance:
[495.2, 540.0, 219.4] 44,543,169.37
[133.8, 186.6, 226.4] DEVELOPMENT
[188.6, 201.0, 226.4] CO.
[203.0, 216.6, 226.4] PLC
[55.0, 80.3, 243.4] Account
[82.2, 99.7, 243.4] Type:
[133.8, 168.0, 243.4] CURRENT
[169.9, 181.6, 243.4] A/C
[183.5, 185.9, 243.4] -
[187.8, 232.1, 243.4] CORPORATE
[358.8, 374.3, 243.4] Total
[376.3, 396.9, 243.4] Credit:
[499.1, 540.0, 243.4] 8,575,577.86
[55.0, 85.3, 260.4] Currency:
[133.8, 149.3, 260.4] NGN
[358.8, 374.3, 260.4] Total
[376.3, 394.5, 260.4] Debit:
[499.1, 540.0, 260.4] 4,835,780.60
[407.2, 435.6, 322.2] Generated
[437.3, 444.3, 322.2] By
[445.9, 474.3, 322.2] SN030499
[476.0, 482.6, 322.2] on
[484.3, 518.0, 322.2] 19-Jan-2026
[519.6, 543.0, 322.2] 11:33:40
[54.0, 71.9, 370.4] Trans
[73.8, 88.6, 370.4] Date
[106.1, 118.9, 370.4] Ref.
[120.9, 145.8, 370.4] Number
[158.2, 194.8, 370.4] Transaction
[196.7, 218.1, 370.4] Details
[314.5, 332.4, 370.4] Value
[334.4, 349.2, 370.4] Date
[366.6, 416.0, 370.4] Withdrawal(DR)
[425.2, 463.8, 370.4] Deposit(CR)
[483.9, 509.2, 370.4] Balance
[158.2, 180.9, 385.2] Opening
[182.6, 204.2, 385.2] Balance
[502.6, 541.0, 385.2] 30,803,372.11
[54.0, 88.7, 399.2] 10-Dec-2025
[107.8, 135.1, 399.2] S4751947
[158.2, 199.9, 399.2] FIP:GTB/EJIKE
[201.6, 223.6, 399.2] OLIVER
[225.2, 271.6, 399.2] EZEAK/CAPITAL
[314.5, 349.2, 399.2] 10-Dec-2025
[405.6, 417.2, 399.2] 0.00
[440.8, 475.9, 399.2] 2,000,000.00
[502.6, 541.0, 399.2] 32,803,372.11
[158.2, 203.2, 405.2] REPLACEMENT
[204.9, 217.2, 405.2] FUN
[218.9, 268.2, 405.2] Ref011121016525
[54.0, 88.7, 419.2] 10-Dec-2025
[122.8, 142.8, 419.2] 803406
[163.2, 177.2, 419.2] CLG:
[178.9, 205.9, 419.2] 43DALEJI
[207.6, 246.2, 419.2] PROPERTIES
[247.9, 259.2, 419.2] LTD
[314.5, 349.2, 419.2] 10-Dec-2025
[387.2, 417.3, 419.2] 393,163.00
[464.2, 475.9, 419.2] 0.00
[502.6, 541.0, 419.2] 32,410,209.11
[158.2, 221.6, 425.2] Ref10122025S8425624
[54.0, 88.7, 439.2] 11-Dec-2025
[106.1, 136.8, 439.2] S17318402
[158.2, 184.6, 439.2] Electronic
[186.2, 204.2, 439.2] Money
[205.9, 228.2, 439.2] Transfer
[229.9, 242.6, 439.2] Levy
[244.2, 250.9, 439.2] on
[252.6, 255.9, 439.2] 1
[257.6, 273.6, 439.2] TXNS
[275.3, 288.2, 439.2] FRM
[289.9, 305.3, 439.2] 10-12
[314.5, 349.2, 439.2] 11-Dec-2025
[402.2, 417.3, 439.2] 50.00
[464.2, 475.9, 439.2] 0.00
[502.6, 541.0, 439.2] 32,410,159.11
[158.2, 170.9, 445.2] Ref1
[172.6, 223.6, 445.2] TRANSACTION(S)
[54.0, 88.7, 459.2] 11-Dec-2025
[106.1, 136.8, 459.2] S28889433
[158.2, 200.6, 459.2] FIP:ZIB/DALEJI
[202.2, 240.9, 459.2] PROPERTIES
[242.6, 264.6, 459.2] /DALEJI
[266.2, 281.9, 459.2] PAYT
[283.6, 296.6, 459.2] CCR
[314.5, 349.2, 459.2] 11-Dec-2025
[405.6, 417.2, 459.2] 0.00
[445.8, 475.9, 459.2] 566,386.77
[502.6, 541.0, 459.2] 32,976,545.88
[158.2, 187.9, 465.2] OCTOBER
[189.5, 238.9, 465.2] Ref011124100687
[54.0, 88.7, 479.2] 11-Dec-2025
[106.1, 136.8, 479.2] S28892056
[158.2, 200.6, 479.2] FIP:ZIB/DALEJI
[202.2, 240.9, 479.2] PROPERTIES
[242.6, 264.6, 479.2] /DALEJI
[266.2, 281.9, 479.2] PAYT
[283.6, 296.6, 479.2] CCR
[314.5, 349.2, 479.2] 11-Dec-2025
[405.6, 417.2, 479.2] 0.00
[445.8, 475.9, 479.2] 484,388.16
[502.6, 541.0, 479.2] 33,460,934.04
[158.2, 173.9, 485.2] SEPT
[175.6, 182.2, 485.2] 25
[183.9, 233.3, 485.2] Ref011124100560
[54.0, 88.7, 499.2] 11-Dec-2025
[106.1, 136.8, 499.2] S28901592
[158.2, 200.6, 499.2] FIP:ZIB/DALEJI
[202.2, 240.9, 499.2] PROPERTIES
[242.6, 264.6, 499.2] /DALEJI
[266.2, 281.9, 499.2] PAYT
[283.6, 296.6, 499.2] CCR
[314.5, 349.2, 499.2] 11-Dec-2025
[405.6, 417.2, 499.2] 0.00
[445.8, 475.9, 499.2] 524,802.93
[502.6, 541.0, 499.2] 33,985,736.97
[158.2, 188.2, 505.2] NOVEMBE
[189.9, 239.3, 505.2] Ref011124100715
[54.0, 88.7, 519.2] 12-Dec-2025
[106.1, 136.8, 519.2] S31819700
[158.2, 184.6, 519.2] Electronic
[186.2, 204.2, 519.2] Money
[205.9, 228.2, 519.2] Transfer
[229.9, 242.6, 519.2] Levy
[244.2, 250.9, 519.2] on
[252.6, 255.9, 519.2] 3
[257.6, 273.6, 519.2] TXNS
[275.3, 288.2, 519.2] FRM
[289.9, 305.3, 519.2] 11-12
[314.5, 349.2, 519.2] 12-Dec-2025
[398.9, 417.2, 519.2] 150.00
[464.2, 475.9, 519.2] 0.00
[502.6, 541.0, 519.2] 33,985,586.97
[158.2, 170.9, 525.2] Ref3
[172.6, 223.6, 525.2] TRANSACTION(S)
[54.0, 88.7, 539.2] 12-Dec-2025
[106.1, 136.8, 539.2] S35483019
[158.2, 211.6, 539.2] FIP:SCB/CHARLES
[213.2, 242.6, 539.2] ENAHOLO
[244.2, 268.6, 539.2] OJ/Asset
[270.2, 305.6, 539.2] Replacement
[314.5, 349.2, 539.2] 12-Dec-2025
[405.6, 417.2, 539.2] 0.00
[440.8, 475.9, 539.2] 2,000,000.00
[502.6, 541.0, 539.2] 35,985,586.97
[158.2, 171.9, 545.2] Fund
[173.6, 222.9, 545.2] Ref011124886558
[54.0, 88.7, 559.2] 15-Dec-2025
[106.1, 136.8, 559.2] S60762102
[158.2, 184.6, 559.2] Electronic
[186.2, 204.2, 559.2] Money
[205.9, 228.2, 559.2] Transfer
[229.9, 242.6, 559.2] Levy
[244.2, 250.9, 559.2] on
[252.6, 255.9, 559.2] 1
[257.6, 273.6, 559.2] TXNS
[275.3, 288.2, 559.2] FRM
[289.9, 305.3, 559.2] 12-12
[314.5, 349.2, 559.2] 15-Dec-2025
[402.2, 417.3, 559.2] 50.00
[464.2, 475.9, 559.2] 0.00
[502.6, 541.0, 559.2] 35,985,536.97
[158.2, 170.9, 565.2] Ref1
[172.6, 223.6, 565.2] TRANSACTION(S)
[54.0, 88.7, 579.2] 15-Dec-2025
[106.1, 136.8, 579.2] S76011340
[158.2, 214.9, 579.2] IBNEW:Replacement
[216.6, 230.2, 579.2] Fund
[231.9, 238.9, 579.2] for
[240.6, 248.6, 579.2] AP
[250.2, 253.6, 579.2] 8
[255.2, 301.3, 579.2] Reff304392a72f0
[314.5, 349.2, 579.2] 15-Dec-2025
[405.6, 417.2, 579.2] 0.00
[440.8, 475.9, 579.2] 2,000,000.00
[502.6, 541.0, 579.2] 37,985,536.97
[54.0, 88.7, 593.2] 16-Dec-2025
[106.1, 136.8, 593.2] S86805586
[158.2, 184.6, 593.2] Electronic
[186.2, 204.2, 593.2] Money
[205.9, 228.2, 593.2] Transfer
[229.9, 242.6, 593.2] Levy
[244.2, 250.9, 593.2] on
[252.6, 255.9, 593.2] 1
[257.6, 273.6, 593.2] TXNS
[275.3, 288.2, 593.2] FRM
[289.9, 305.3, 593.2] 15-12
[314.5, 349.2, 593.2] 16-Dec-2025
[402.2, 417.3, 593.2] 50.00
[464.2, 475.9, 593.2] 0.00
[502.6, 541.0, 593.2] 37,985,486.97
[158.2, 170.9, 599.2] Ref1
[172.6, 223.6, 599.2] TRANSACTION(S)
[54.0, 88.7, 613.2] 17-Dec-2025
[122.8, 142.8, 613.2] 803401
[163.2, 177.2, 613.2] CLG:
[178.9, 205.9, 613.2] 25DALEJI
[207.6, 246.2, 613.2] PROPERTIES
[247.9, 259.2, 613.2] LTD
[314.5, 349.2, 613.2] 17-Dec-2025
[387.2, 417.3, 613.2] 213,100.00
[464.2, 475.9, 613.2] 0.00
[502.6, 541.0, 613.2] 37,772,386.97
[158.2, 221.6, 619.2] Ref17122025S9666847
[54.0, 88.7, 633.2] 19-Dec-2025
[106.1, 136.8, 633.2] S36817026
[158.2, 210.9, 633.2] FIP:GTB/KESWANI
[214.2, 225.2, 633.2] JAY
[226.9, 261.6, 633.2] RAMKI/From
[263.2, 272.6, 633.2] Jay
[274.2, 296.9, 633.2] Keswani
[298.6, 301.6, 633.2] x
[314.5, 349.2, 633.2] 19-Dec-2025
[405.6, 417.2, 633.2] 0.00
[440.8, 475.9, 633.2] 1,000,000.00
[502.6, 541.0, 633.2] 38,772,386.97
[158.2, 170.5, 639.2] Capi
[172.2, 221.6, 639.2] Ref011137985742
[54.0, 88.7, 653.2] 22-Dec-2025
[106.1, 136.8, 653.2] S65639029
[158.2, 184.6, 653.2] Electronic
[186.2, 204.2, 653.2] Money
[205.9, 228.2, 653.2] Transfer
[229.9, 242.6, 653.2] Levy
[244.2, 250.9, 653.2] on
[252.6, 255.9, 653.2] 1
[257.6, 273.6, 653.2] TXNS
[275.3, 288.2, 653.2] FRM
[289.9, 305.3, 653.2] 19-12
[314.5, 349.2, 653.2] 22-Dec-2025
[402.2, 417.3, 653.2] 50.00
[464.2, 475.9, 653.2] 0.00
[502.6, 541.0, 653.2] 38,772,336.97
[158.2, 170.9, 659.2] Ref1
[172.6, 223.6, 659.2] TRANSACTION(S)
[54.0, 88.7, 673.2] 22-Dec-2025
[122.8, 142.8, 673.2] 803408
[163.2, 177.2, 673.2] CLG:
[178.9, 201.6, 673.2] 89BOLA
[203.2, 223.6, 673.2] YUSUF
[225.2, 292.0, 673.2] Ref22122025S83541506
[314.5, 349.2, 673.2] 22-Dec-2025
[387.2, 417.3, 673.2] 333,546.93
[464.2, 475.9, 673.2] 0.00
[502.6, 541.0, 673.2] 38,438,790.04
[52.0, 67.3, 793.2] Please
[68.7, 81.7, 793.2] report
[83.1, 91.2, 793.2] any
[92.6, 123.1, 793.2] discrepancies
[124.5, 128.4, 793.2] in
[129.8, 137.6, 793.2] this
[139.0, 160.9, 793.2] statement
[162.3, 175.1, 793.2] within
[176.5, 182.1, 793.2] 15
[183.4, 194.0, 793.2] days
[195.4, 199.6, 793.2] of
[201.0, 217.3, 793.2] receipt.
[52.0, 59.5, 802.2] For
[60.9, 82.6, 802.2] enquiries,
[84.0, 103.1, 802.2] requests
[104.5, 109.0, 802.2] or
[110.4, 135.6, 802.2] complaints,
[137.0, 144.5, 802.2] call
[145.9, 172.9, 802.2] FirstContact
[174.3, 179.8, 802.2] on
[181.2, 189.6, 802.2] 234
[190.9, 197.1, 802.2] (0)
[198.4, 247.1, 802.2] 700-FIRSTCONTACT
[248.4, 261.4, 802.2] (+234
[262.8, 265.5, 802.2] 0
[266.9, 275.3, 802.2] 700
[276.7, 311.7, 802.2] 347782668228)
[52.0, 63.3, 811.2] +234
[64.7, 70.8, 811.2] (0)
[72.2, 80.5, 811.2] 708
[81.9, 90.2, 811.2] 062
[91.6, 102.7, 811.2] 5000
[104.1, 108.6, 811.2] or
[110.0, 121.2, 811.2] +234
[122.6, 128.2, 811.2] 01
[129.6, 137.9, 811.2] 448
[139.3, 150.4, 811.2] 5500
[151.8, 156.2, 811.2] or
[157.6, 173.2, 811.2] E-mail:
[176.0, 273.8, 811.2] firstcontactcomplaints@firstbanknigeria.com
[527.2, 538.8, 829.2] Page
[540.2, 543.0, 829.2] 1
--- Page 2 ---
[54.0, 71.9, 35.4] Trans
[73.8, 88.6, 35.4] Date
[106.1, 118.9, 35.4] Ref.
[120.9, 145.8, 35.4] Number
[158.2, 194.8, 35.4] Transaction
[196.7, 218.1, 35.4] Details
[314.5, 332.4, 35.4] Value
[334.4, 349.2, 35.4] Date
[366.6, 416.0, 35.4] Withdrawal(DR)
[425.2, 463.8, 35.4] Deposit(CR)
[483.9, 509.2, 35.4] Balance
[54.0, 88.7, 50.2] 23-Dec-2025
[122.8, 142.8, 50.2] 803407
[163.2, 177.2, 50.2] CLG:
[178.9, 207.2, 50.2] 66DUALE,
[208.9, 223.2, 50.2] OVIA
[224.9, 228.9, 50.2] &
[230.6, 245.9, 50.2] ALEX
[247.6, 249.6, 50.2] -
[251.3, 259.6, 50.2] AD
[314.5, 349.2, 50.2] 23-Dec-2025
[382.2, 417.2, 50.2] 3,225,000.00
[464.2, 475.9, 50.2] 0.00
[502.6, 541.0, 50.2] 35,213,790.04
[158.2, 221.6, 56.2] Ref23122025S2401026
[54.0, 88.7, 70.2] 23-Dec-2025
[122.8, 142.8, 70.2] 803410
[163.2, 177.2, 70.2] CLG:
[178.9, 201.6, 70.2] 38BOLA
[203.2, 223.6, 70.2] YUSUF
[225.2, 288.6, 70.2] Ref23122025S2401026
[314.5, 349.2, 70.2] 23-Dec-2025
[387.2, 417.3, 70.2] 333,546.93
[464.2, 475.9, 70.2] 0.00
[502.6, 541.0, 70.2] 34,880,243.11
[54.0, 88.7, 84.2] 23-Dec-2025
[122.8, 142.8, 84.2] 803409
[163.2, 177.2, 84.2] CLG:
[178.9, 201.6, 84.2] 15BOLA
[203.2, 223.6, 84.2] YUSUF
[225.2, 288.6, 84.2] Ref23122025S2401026
[314.5, 349.2, 84.2] 23-Dec-2025
[387.2, 417.3, 84.2] 173,406.08
[464.2, 475.9, 84.2] 0.00
[502.6, 541.0, 84.2] 34,706,837.03
[54.0, 88.7, 98.2] 24-Dec-2025
[106.1, 136.8, 98.2] S27381312
[158.2, 192.9, 98.2] 23-Nov-2025
[194.6, 199.6, 98.2] to
[201.2, 237.9, 98.2] 22-DEC-2025
[239.6, 252.6, 98.2] SMS
[254.2, 266.6, 98.2] Alert
[268.2, 287.9, 98.2] Charge
[314.5, 349.2, 98.2] 24-Dec-2025
[402.2, 417.3, 98.2] 72.00
[464.2, 475.9, 98.2] 0.00
[502.6, 541.0, 98.2] 34,706,765.03
[158.2, 192.9, 104.2] RefSMSAlert
[54.0, 88.7, 118.2] 24-Dec-2025
[106.1, 136.8, 118.2] S27381312
[158.2, 192.9, 118.2] 23-Nov-2025
[194.6, 199.6, 118.2] to
[201.2, 237.9, 118.2] 22-DEC-2025
[239.6, 252.6, 118.2] SMS
[254.2, 266.6, 118.2] Alert
[268.2, 287.9, 118.2] Charge
[289.6, 301.3, 118.2] VAT
[314.5, 349.2, 118.2] 24-Dec-2025
[405.6, 417.2, 118.2] 5.40
[464.2, 475.9, 118.2] 0.00
[502.6, 541.0, 118.2] 34,706,759.63
[158.2, 192.9, 124.2] RefSMSAlert
[54.0, 88.7, 138.2] 27-Dec-2025
[106.1, 136.8, 138.2] S66413638
[158.2, 179.9, 138.2] Account
[181.6, 215.9, 138.2] Maintenance
[217.6, 237.2, 138.2] Charge
[238.9, 305.6, 138.2] Ref27122025S66413638
[314.5, 349.2, 138.2] 27-Dec-2025
[393.9, 417.3, 138.2] 4,671.76
[464.2, 475.9, 138.2] 0.00
[502.6, 541.0, 138.2] 34,702,087.87
[54.0, 88.7, 152.2] 27-Dec-2025
[106.1, 136.8, 152.2] S66413638
[158.2, 169.9, 152.2] VAT
[171.5, 178.2, 152.2] on
[179.9, 201.6, 152.2] Account
[203.2, 237.6, 152.2] Maintenance
[239.3, 258.9, 152.2] Charge
[314.5, 349.2, 152.2] 27-Dec-2025
[398.9, 417.2, 152.2] 350.38
[464.2, 475.9, 152.2] 0.00
[502.6, 541.0, 152.2] 34,701,737.49
[158.2, 224.9, 158.2] Ref27122025S66413638
[54.0, 88.7, 172.2] 29-Dec-2025
[119.5, 146.1, 172.2] 00803411
[158.2, 178.9, 172.2] LAGOS
[180.6, 199.9, 172.2] STATE
[201.6, 231.2, 172.2] INTERNAL
[232.9, 261.9, 172.2] REVENUE
[263.6, 289.9, 172.2] SERVICE
[314.5, 349.2, 172.2] 29-Dec-2025
[387.2, 417.3, 172.2] 158,568.12
[464.2, 475.9, 172.2] 0.00
[502.6, 541.0, 172.2] 34,543,169.37
[158.2, 219.2, 178.2] Ref29122025M190053
[158.2, 178.2, 192.2] Closing
[179.9, 201.6, 192.2] Balance
[502.6, 541.0, 192.2] 34,543,169.37
[52.0, 67.3, 793.2] Please
[68.7, 81.7, 793.2] report
[83.1, 91.2, 793.2] any
[92.6, 123.1, 793.2] discrepancies
[124.5, 128.4, 793.2] in
[129.8, 137.6, 793.2] this
[139.0, 160.9, 793.2] statement
[162.3, 175.1, 793.2] within
[176.5, 182.1, 793.2] 15
[183.4, 194.0, 793.2] days
[195.4, 199.6, 793.2] of
[201.0, 217.3, 793.2] receipt.
[52.0, 59.5, 802.2] For
[60.9, 82.6, 802.2] enquiries,
[84.0, 103.1, 802.2] requests
[104.5, 109.0, 802.2] or
[110.4, 135.6, 802.2] complaints,
[137.0, 144.5, 802.2] call
[145.9, 172.9, 802.2] FirstContact
[174.3, 179.8, 802.2] on
[181.2, 189.6, 802.2] 234
[190.9, 197.1, 802.2] (0)
[198.4, 247.1, 802.2] 700-FIRSTCONTACT
[248.4, 261.4, 802.2] (+234
[262.8, 265.5, 802.2] 0
[266.9, 275.3, 802.2] 700
[276.7, 311.7, 802.2] 347782668228)
[52.0, 63.3, 811.2] +234
[64.7, 70.8, 811.2] (0)
[72.2, 80.5, 811.2] 708
[81.9, 90.2, 811.2] 062
[91.6, 102.7, 811.2] 5000
[104.1, 108.6, 811.2] or
[110.0, 121.2, 811.2] +234
[122.6, 128.2, 811.2] 01
[129.6, 137.9, 811.2] 448
[139.3, 150.4, 811.2] 5500
[151.8, 156.2, 811.2] or
[157.6, 173.2, 811.2] E-mail:
[176.0, 273.8, 811.2] firstcontactcomplaints@firstbanknigeria.com
[527.2, 538.8, 829.2] Page
[540.2, 543.0, 829.2] 2
