==========================================================================================
      BANK | STATUS | TXNS |     TOTAL DEBIT     |    TOTAL CREDIT
------------------------------------------------------------------------------------------
    ACCESS |     OK |  129 |       40,163,400.78 |       74,931,500.00
       UBA |     OK |   86 |       16,801,448.85 |       16,153,126.88
      WEMA |     OK |  682 |   45,567,533,642.61 |   45,568,587,440.13
      FCMB |     OK |  291 |   65,898,085,575.49 |   66,040,963,346.89
    ZENITH |     OK |  802 |       49,442,124.50 |       47,539,977.02
    GTBANK |     OK |  373 |       86,064,977.48 |       82,260,207.50
  PROVIDUS |     OK |  729 |    1,057,435,673.51 |    1,093,693,103.75
  STERLING |     OK | 2493 |   64,620,741,958.31 |   65,587,585,866.39
 FIRSTBANK |     OK |   23 |        4,835,780.60 |        8,575,577.86
==========================================================================================